MDZY 17 59 172
VOT 11 42 444
- 0 0 0
TOZ 20 21 903
HXA 10 11 1216
DBC 21 22 947
RNC 13 16 1410
- 0 0 0
JFEV 4 26 218
INNT 22 51 998
BJTQ 21 42 29
JRV 21 58 43
- 0 0 0
JRV 11 14 1161
RNC 2 45 1102
CSOH 3 28 1175
PJL 16 51 1024
EVX 3 31 1159
QXT 18 51 37
KFI 11 54 913
QXT 16 55 1003
- 0 0 0
RCDA 7 31 47
TOZ 20 12 813
BAG 18 0 1220
- 0 0 0
RGOJ 0 27 1055
ZWF 12 16 777
BAG 22 21 226
TBCT 21 52 1206
OOKN 7 18 1051
YLMU 19 56 53
IYT 12 44 862
- 0 0 0
AQZN 4 19 73
TJW 21 32 1040
LGW 3 56 87
QXT 0 42 946
- 0 0 0
VFW 20 48 811
XRI 6 0 1292
NUN 1 14 783
QHJN 5 10 975
RRP 3 43 1208
GPVX 2 18 550
- 0 0 0
KBBS 20 48 134
TKUX 1 5 1324
HXA 12 37 218
VFW 3 49 893
RNC 11 41 704
- 0 0 0
TOZ 18 39 1058
OMKU 22 59 1067
HXFA 7 5 1106
JFEV 21 51 893
- 0 0 0
AXB 0 17 281
MMDB 18 10 833
CMND 17 36 275
- 0 0 0
HXA 16 46 160
PJL 16 31 780
RRP 16 34 1031
KBBS 19 56 1154
IYT 18 3 899
BAG 21 4 609
XRI 16 29 1002
- 0 0 0
RCDA 2 0 1043
JNJ 11 9 699
CSOH 20 32 248
BJTQ 11 9 1222
OMKU 18 44 549
AFYY 15 11 320
TOZ 13 50 928
KFI 11 39 1054
JPY 14 7 346
NUN 1 21 256
- 0 0 0
AMFU 10 20 749
NHAX 21 13 1417
- 0 0 0
VOT 4 25 1121
MHRU 19 50 1273
NZCC 2 25 334
AOCT 13 55 233
WZW 18 47 1369
EVX 22 8 763
DTOD 15 34 483
- 0 0 0
RNC 13 10 1201
NXVJ 17 53 1160
MHRU 1 7 200
- 0 0 0
EEW 4 28 1231
REL 11 30 1148
KFI 21 26 707
VYN 6 43 300
OOKN 20 50 1098
- 0 0 0
TJW 22 13 173
RNC 23 12 262
OOKN 4 58 1293
HATP 6 19 1378
JAI 7 26 167
JDVX 22 11 54
RGOJ 3 59 1323
GWYX 4 19 580
- 0 0 0
YSKG 17 17 746
FGW 15 45 1049
- 0 0 0
QULR 6 59 1400
BJTQ 1 39 1299
RNC 9 27 897
NHAX 19 0 339
- 0 0 0
AMFU 11 23 1284
GLH 22 2 143
JDVX 18 35 676
NIP 22 13 168
RGOJ 20 12 1080
- 0 0 0
DBC 4 10 1064
DTOD 23 59 1323
VXJD 22 35 1420
- 0 0 0
VFW 7 15 1440
HATP 9 46 1069
- 0 0 0
ZWF 10 4 119
EVX 13 15 782
AFYY 21 20 636
HATP 1 58 463
XHL 2 24 784
- 0 0 0
FZVI 13 10 1139
VFW 7 37 1200
MWUV 16 23 1178
NZCC 19 52 692
HATP 6 16 766
- 0 0 0
MDZY 20 54 1367
FGW 10 25 186
- 0 0 0
IYT 0 11 1042
EAF 23 38 463
VFW 5 56 1001
OMZB 13 15 1152
DUF 15 9 122
QHJN 10 42 1061
OJS 13 29 1092
- 0 0 0
EKQ 16 3 1209
LWK 21 4 1005
DUF 5 56 1438
JDMB 11 1 943
VXJD 19 24 59
- 0 0 0
QXT 19 30 35
VXJD 16 22 361
INNT 21 55 292
ZJQ 23 48 257
- 0 0 0
BJTQ 12 9 1149
LGW 0 55 747
- 0 0 0
- 0 0 0
DBC 8 14 699
VYN 0 54 891
EVX 18 17 353
JRV 19 1 518
VXJD 19 45 814
NZCC 6 1 572
YLMU 23 48 591
AOCT 2 28 868
WZP 10 52 904
EKQ 2 49 471
- 0 0 0
RNC 17 43 289
MGNJ 14 27 1025
EKQ 18 3 244
- 0 0 0
FGW 14 40 798
MHRU 9 26 401
TJW 8 45 424
JDMB 19 10 211
JNJ 11 19 297
MEM 12 58 552
INNT 7 32 752
MWUV 20 39 966
AFYY 13 7 212
- 0 0 0
KBBS 18 46 820
RCDA 23 6 584
GPVX 17 58 611
- 0 0 0
QHJN 9 48 761
VFW 3 15 528
TBCT 10 2 1099
JDVX 1 31 43
RGOJ 5 36 1074
DBC 19 53 497
OOKN 0 53 47
AXB 5 16 336
GLH 21 2 767
- 0 0 0
JDMB 13 47 889
YSKG 18 36 1294
PUF 0 14 161
XRPO 4 51 281
EEW 21 19 859
DTOD 7 19 933
JKPF 14 23 927
- 0 0 0
TOZ 10 1 512
BAG 2 31 858
YWCV 10 10 543
AIID 5 32 168
XHL 5 54 1303
- 0 0 0
XHL 4 29 1319
NZCC 4 35 35
YCAF 22 42 306
- 0 0 0
AXB 17 45 702
AOCT 18 17 1280
LWK 15 50 905
QHJN 13 36 356
OOKN 19 49 649
EAF 8 57 1228
VOT 5 11 786
- 0 0 0
CSOH 9 4 132
MHRU 15 7 251
MDZY 2 55 782
GLH 17 38 937
XHL 6 22 29
- 0 0 0
KIS 23 4 385
KIS 14 46 1302
NUN 14 59 552
TJW 4 43 781
PJL 22 58 489
ZWF 20 57 21
EKQ 5 25 970
XHL 5 17 358
NHAX 7 41 83
- 0 0 0
BYWN 1 9 446
VXJD 4 15 879
AQZN 20 47 433
CMND 0 46 977
- 0 0 0
MEM 9 49 937
TBCT 16 57 1040
NIP 14 35 531
EHI 18 48 990
MEM 13 28 1256
NUN 13 34 427
GLH 22 20 1287
RNC 7 39 1201
PUF 9 30 75
- 0 0 0
EHI 2 28 783
KBBS 22 18 778
QHJN 7 13 787
EHI 12 43 131
YAD 14 7 204
ZWF 12 27 705
- 0 0 0
YPOY 8 8 838
OMZB 13 29 262
FGW 17 4 101
JAI 0 17 723
- 0 0 0
MEM 14 54 1021
EVX 3 37 163
LWK 0 3 622
CSOH 6 40 92
RNC 0 11 220
- 0 0 0
GPVX 17 9 1128
JNJ 8 2 1161
RNC 10 33 591
- 0 0 0
GLH 4 39 1018
JDVX 21 47 559
FBRS 10 57 1178
DUF 19 58 915
QULR 20 15 268
GPVX 13 41 1143
NNG 4 59 984
DTOD 15 29 275
- 0 0 0
JFEV 21 49 1002
VXJD 3 55 476
- 0 0 0
YSKG 22 28 268
MHRU 2 3 546
ZWF 20 37 820
IYT 10 56 332
EVX 21 44 312
LWK 1 22 514
- 0 0 0
XRPO 2 30 1145
OMKU 17 9 1136
MGNJ 14 47 1381
YPOY 17 52 156
NHAX 11 8 47
- 0 0 0
XRI 14 50 439
GWYX 14 55 989
BYWN 19 59 1165
WZW 23 29 457
XRPO 6 0 558
QXT 4 31 653
FGW 16 24 1360
YPOY 10 19 195
- 0 0 0
PJL 2 43 1186
NZCC 22 24 711
YWCV 12 54 311
PUF 15 1 1055
RNC 16 4 996
- 0 0 0
LWK 13 46 575
MWUV 19 47 348
YLMU 8 1 76
EHI 19 32 325
- 0 0 0
GWYX 23 18 1287
YWCV 19 7 1052
PJL 12 28 516
GDP 0 53 27
ROZ 10 34 1156
JKPF 9 46 1239
- 0 0 0
YPOY 18 45 823
JKPF 22 16 84
FZVI 17 7 923
BQFG 4 10 1005
EVX 18 21 31
RGOJ 9 9 404
XRI 11 27 450
- 0 0 0
AXB 4 59 762
RCDA 22 24 382
ROZ 9 16 1148
AAFD 22 1 835
VXJD 22 5 740
- 0 0 0
TJW 23 52 405
JKPF 15 50 319
QXT 6 12 331
- 0 0 0
LWK 0 34 764
VYN 0 40 1138
EEW 6 47 1400
DUF 22 9 287
- 0 0 0
NIP 15 57 80
FGW 23 50 1243
BJTQ 20 7 1016
- 0 0 0
NZCC 5 6 658
IGWB 4 13 586
OJS 18 21 1291
MDZY 10 5 1254
ZJQ 14 42 542
CMND 15 27 887
- 0 0 0
YAD 4 45 880
AIID 15 34 1000
INNT 22 26 850
KFI 13 14 718
AAFD 17 18 326
DWG 8 10 1268
RCDA 5 36 195
JKPF 8 5 366
VOT 11 7 502
- 0 0 0
GDP 2 21 1440
YSKG 18 11 243
ROZ 5 4 211
GLH 21 31 27
- 0 0 0
YCAF 14 30 351
PUF 16 3 776
AXB 10 41 972
AIID 13 31 207
NHAX 19 34 800
- 0 0 0
NXVJ 0 18 1317
BQFG 3 21 689
HXA 16 52 932
VXJD 13 18 982
EKQ 19 43 131
MEM 11 17 1160
OMZB 14 46 847
EHI 0 15 290
NZCC 9 50 469
NUN 6 50 842
- 0 0 0
LGW 0 40 1324
- 0 0 0
YPOY 11 20 1333
NNG 9 46 319
LKCQ 16 25 501
BJTQ 20 50 35
- 0 0 0
GPVX 19 23 289
EVX 8 58 93
JRV 4 9 261
HATP 1 50 1332
- 0 0 0
RCDA 19 27 377
XRI 9 24 113
EKQ 6 15 1247
JNJ 11 5 816
REL 5 9 58
LBT 16 55 951
HXA 23 58 1426
- 0 0 0
JDVX 21 27 1399
AXB 7 38 886
XRPO 0 2 1075
DTOD 19 2 21
- 0 0 0
FBRS 19 45 315
NNG 15 35 682
IYT 18 4 1016
AIID 5 12 33
DUF 5 32 27
JAI 13 42 233
YCAF 3 29 1363
BAG 20 7 1127
- 0 0 0
LWK 18 34 1213
MMDB 11 34 138
GLH 7 55 637
YCAF 20 38 537
- 0 0 0
VFW 4 30 1199
AAFD 6 4 1380
MWUV 15 57 1198
LBT 22 38 1148
JAI 6 38 368
- 0 0 0
XRI 2 38 782
YAD 12 37 550
ZBPD 4 35 1317
MMDB 17 29 1193
LWK 6 20 784
YCAF 4 25 644
- 0 0 0
GLH 17 4 198
MMDB 22 29 1270
BJTQ 3 17 886
- 0 0 0
KFI 17 6 1353
ZJQ 18 10 983
XRI 3 25 406
- 0 0 0
AMFU 3 2 888
MWUV 3 32 755
EHI 22 40 702
ZJQ 9 23 853
- 0 0 0
OMKU 1 45 677
YCAF 23 0 306
MEM 1 36 1331
MWUV 6 4 175
LGW 19 39 1077
FBRS 21 57 144
EAF 22 50 1296
- 0 0 0
KFI 19 40 1121
ZJQ 12 13 1013
JDMB 10 8 1207
NHAX 19 28 844
- 0 0 0
EHI 1 28 72
JDVX 12 2 493
AOCT 3 19 546
- 0 0 0
BQFG 4 23 922
NZCC 3 8 947
CSOH 14 20 281
QXT 21 1 190
- 0 0 0
ZJQ 11 35 88
- 0 0 0
RRP 0 18 491
MWUV 17 36 121
REL 12 22 681
AXB 13 33 829
ZBPD 19 33 668
LGW 2 13 301
TBCT 21 42 279
TOZ 20 46 1072
MMDB 18 34 996
GWYX 17 33 810
HXA 3 37 1044
- 0 0 0
HATP 19 12 872
JDVX 8 26 432
JKPF 11 38 1156
- 0 0 0
AFYY 2 44 377
NXVJ 20 54 1067
BYWN 19 23 651
IYT 7 49 545
AXB 4 9 828
YWCV 0 42 492
BAG 16 18 382
- 0 0 0
RCDA 5 54 1341
TJW 11 16 318
AQZN 8 42 336
- 0 0 0
YWCV 4 2 646
LGW 10 36 1440
VXJD 11 37 1089
KFI 7 45 145
VXJD 23 49 133
XHL 17 45 75
- 0 0 0
VYN 5 37 724
MDZY 15 52 956
QHJN 11 1 893
BYWN 22 33 57
WZP 1 9 941
YLMU 19 36 684
YLMU 11 14 79
KIS 0 0 1020
KBBS 9 29 339
CMND 15 48 809
VOT 6 35 985
- 0 0 0
ZJQ 19 1 771
TBCT 0 47 989
JDMB 21 7 271
EAF 14 12 1144
YPOY 18 0 679
- 0 0 0
DUF 21 14 1411
WZW 7 6 66
NHAX 19 56 239
- 0 0 0
PUF 3 9 908
KFI 21 59 726
- 0 0 0
NZCC 3 42 509
INNT 4 6 972
ZJQ 10 36 350
- 0 0 0
WZW 13 55 727
EEW 14 49 987
JAI 7 37 980
- 0 0 0
AXB 15 33 1172
HXFA 2 21 169
NXVJ 21 7 1280
AMFU 20 33 370
KIS 5 51 915
JFEV 3 7 1002
IGWB 10 11 510
NUN 23 26 464
- 0 0 0
OJS 6 19 880
JAI 14 39 471
WZW 2 24 1370
PJL 8 4 1037
QXT 5 9 156
- 0 0 0
MWUV 5 9 545
QHJN 7 1 979
KFI 13 28 175
- 0 0 0
JRV 23 6 818
MGNJ 20 29 1079
HATP 15 50 752
- 0 0 0
VFW 13 4 1328
TKUX 22 14 1310
DTOD 9 9 448
- 0 0 0
QXT 14 23 914
MEM 17 10 608
AFYY 13 41 417
NZCC 18 34 1087
NZCC 20 13 375
DTOD 16 32 40
- 0 0 0
